ang || sin(ang) || cos(ang) 
------------------------------
     0 ||   0.000000||   1.000000 
     1 ||   0.017452||   0.999848 
     2 ||   0.034899||   0.999391 
     3 ||   0.052336||   0.998630 
     4 ||   0.069756||   0.997564 
     5 ||   0.087156||   0.996195 
     6 ||   0.104528||   0.994522 
     7 ||   0.121869||   0.992546 
     8 ||   0.139173||   0.990268 
     9 ||   0.156434||   0.987688 
    10 ||   0.173648||   0.984808 
    11 ||   0.190809||   0.981627 
    12 ||   0.207912||   0.978148 
    13 ||   0.224951||   0.974370 
    14 ||   0.241922||   0.970296 
    15 ||   0.258819||   0.965926 
    16 ||   0.275637||   0.961262 
    17 ||   0.292372||   0.956305 
    18 ||   0.309017||   0.951057 
    19 ||   0.325568||   0.945519 
    20 ||   0.342020||   0.939693 
